-1.216 -0.001523
-0.6074 0.1781
-0.3788 0.5277
-0.155 0.2235
-0.1462 0.2763
-0.131 0.07266
-0.09483 0.05967
-0.0626 0.03914
-0.05587 0.0513
-0.04348 0.03218
-0.01996 0.03814
-0.03204 0.02604
-0.02332 0.0323
-0.02011 0.02069
-0.01915 0.02757
-0.01316 0.01184
-0.01188 0.01188
-0.009064 0.008644
-0.01112 0.00598
-0.005685 0.009324
-0.008912 0.009708
-0.01153 0.007668
-0.005337 0.0105
-0.004989 0.006018
-0.005924 0.005113
-0.00606 0.004908
-0.004308 0.003791
-0.00353 0.005092
-0.003681 0.002935
-0.003137 0.002886
-0.003023 0.003034
-0.002682 0.002823
-0.002102 0.002818
-0.002837 0.003999
-0.003646 0.002978
-0.002279 0.002891
-0.001886 0.001618
-0.003548 0.002773
-0.002595 0.002181
-0.002426 0.001707
-0.001479 0.001486
-0.001396 0.00187
-0.002529 0.001892
-0.001728 0.0021
-0.001479 0.001265
-0.001744 0.001423
-0.001589 0.001332
-0.0015 0.001554
-0.00135 0.001508
-0.001163 0.001927
-0.00117 0.00171
-0.0009385 0.001414
-0.0008958 0.00105
-0.001089 0.001611
-0.0008577 0.0007392
-0.001123 0.0008964
-0.001051 0.0009416
-0.001072 0.0008625
-0.0008096 0.00103
-0.0008694 0.0007578
-0.0007049 0.0007591
-0.0007548 0.0005429
-0.0007621 0.001079
-0.0009576 0.001221
-0.0007271 0.0005574
-0.001482 0.0005468
-0.0004826 0.0006686
-0.0005819 0.0006233
-0.0006112 0.0008932
-0.0005652 0.0003883
-0.0007472 0.0005318
-0.0003775 0.00092
-0.0004109 0.0006468
-0.0003771 0.00042
-0.0004812 0.0004956
-0.000367 0.0004857
-0.0004302 0.0006184
-0.0003994 0.0003317
-0.0004271 0.0003976
-0.0005104 0.0006678
-0.0008168 0.0004186
-0.000376 0.0003178
-0.000519 0.0004773
-0.0005554 0.0004501
-0.0005764 0.0003935
-0.000392 0.000284
-0.00034 0.0003187
-0.0003464 0.0002947
-0.0002889 0.0003104
-0.0003681 0.0003351
-0.0003064 0.0003113
-0.0002418 0.0002396
-0.0003085 0.0004748
-0.0003177 0.0003283
-0.0002234 0.0002426
-0.0003926 0.0002819
-0.0002606 0.0002105
-0.0002065 0.0002841
-0.0002471 0.0002226
-0.0003498 0.0002424
-0.0002021 0.0003669
-0.0002431 0.0002548
-0.0002922 0.0002642
-0.0001615 0.0002228
-0.000273 0.000195
-0.0002261 0.00022
-0.0002719 0.0003375
-0.0001645 0.0001824
-0.0003024 0.0002459
-0.0001584 0.0001702
-0.0001264 0.0002389
-0.000194 0.0002419
-0.0001783 0.0001562
-0.0001744 0.0002902
-0.0001557 0.0001511
-0.0001365 0.0001112
-0.0001362 0.0001711
-0.0001322 0.0001328
-0.000127 9.671e-05
-0.0001271 0.0001372
-0.0002131 0.000148
-0.0001595 0.0001541
-0.0001568 0.0002569
-0.0002176 0.0001276
-0.0001461 0.00012
-0.0001466 9.84e-05
-0.000156 0.0001614
-0.0001388 0.0001151
-0.0001238 0.0001045
-0.0001172 9.253e-05
-0.0001278 9.695e-05
-0.0001116 9.748e-05
-9.53e-05 0.0001401
-0.0001204 9.288e-05
-9.302e-05 0.0001659
-8.767e-05 0.000135
-8.008e-05 9.512e-05
-8.054e-05 0.0001207
-9.595e-05 8.242e-05
-0.0001123 8.934e-05
-9.957e-05 0.0001008
-0.0001168 7.475e-05
-6.322e-05 9.178e-05
-8.938e-05 8.161e-05
-9.204e-05 6.618e-05
-7.997e-05 9.593e-05
-8.916e-05 7.451e-05
-7.072e-05 7.642e-05
-7.284e-05 8.372e-05
-0.0001204 6.832e-05
-7.445e-05 6.626e-05
-6.603e-05 6.945e-05
-6.127e-05 6.579e-05
-7.478e-05 9.717e-05
-4.892e-05 6.523e-05
-5.916e-05 7.876e-05
-7.36e-05 6.873e-05
-7.248e-05 6.939e-05
-5.392e-05 7.914e-05
-5.764e-05 4.964e-05
-6.812e-05 4.695e-05
-5.316e-05 5.079e-05
-7.161e-05 4.735e-05
-4.765e-05 6.804e-05
-7.296e-05 5.799e-05
-6.135e-05 5.845e-05
-4.651e-05 5.58e-05
-5.563e-05 6.383e-05
-4.637e-05 4.916e-05
-4.551e-05 7.235e-05
-4.056e-05 5.268e-05
-5.156e-05 4.285e-05
-4.967e-05 5.051e-05
-4.816e-05 5.626e-05
-4.718e-05 4.514e-05
-3.796e-05 4.407e-05
-4.184e-05 3.939e-05
-5.245e-05 6.231e-05
-4.248e-05 4.147e-05
-4.507e-05 3.777e-05
-4.608e-05 3.281e-05
-3.781e-05 3.93e-05
-3.704e-05 5.023e-05
-4.482e-05 4.974e-05
-3.34e-05 3.264e-05
-3.613e-05 3.06e-05
-5.352e-05 3.046e-05
-3.526e-05 2.598e-05
-3.692e-05 3.653e-05
-4.823e-05 3.036e-05
-2.813e-05 3.008e-05
-3.722e-05 3.587e-05
-3.733e-05 3.133e-05
-2.555e-05 3.117e-05
-3.7e-05 3.695e-05
-3.36e-05 3.207e-05
-2.46e-05 2.651e-05
-2.743e-05 4.22e-05
-2.692e-05 2.907e-05
-3.99e-05 1.924e-05
-3.334e-05 1.99e-05
-2.322e-05 2.541e-05
-3.144e-05 1.949e-05
-3.29e-05 3.287e-05
-2.317e-05 2.724e-05
-2.557e-05 2.511e-05
-2.44e-05 2.7e-05
-2.139e-05 3.507e-05
-2.213e-05 2.188e-05
-2.418e-05 1.907e-05
-2.437e-05 2.593e-05
-1.956e-05 2.107e-05
-2.611e-05 2.58e-05
-2.082e-05 2.258e-05
-2.124e-05 2.549e-05
-2.554e-05 2.026e-05
-2.062e-05 2.003e-05
-2.751e-05 2.271e-05
-2.019e-05 2.173e-05
-2.505e-05 1.922e-05
-1.721e-05 1.545e-05
-2.234e-05 1.948e-05
-1.427e-05 2.126e-05
-3.044e-05 1.865e-05
-2.177e-05 1.813e-05
-1.905e-05 2.082e-05
-2.195e-05 2.187e-05
-2.063e-05 2.046e-05
-1.499e-05 1.672e-05
-1.795e-05 1.895e-05
-1.423e-05 1.53e-05
-1.986e-05 1.87e-05
-1.316e-05 1.624e-05
-1.26e-05 1.287e-05
-2.04e-05 1.49e-05
-1.289e-05 2.268e-05
-1.626e-05 1.621e-05
-1.309e-05 1.535e-05
-1.234e-05 1.24e-05
-1.472e-05 1.411e-05
-1.661e-05 1.069e-05
-1.831e-05 1.367e-05
-1.26e-05 1.396e-05
-1.371e-05 1.514e-05
-1.5e-05 2.171e-05
-1.65e-05 1.882e-05
-1.472e-05 2.001e-05
-1.123e-05 1.209e-05
-1.102e-05 1.038e-05
-1.811e-05 1.403e-05
-1.267e-05 1.329e-05
-1.316e-05 1.447e-05
-1.966e-05 1.103e-05
-1.182e-05 9.763e-06
-1.083e-05 1.061e-05
-8.898e-06 1.289e-05
-1.235e-05 1.407e-05
-1.111e-05 1.1e-05
-1.143e-05 1.115e-05
-9.642e-06 1.017e-05
-1.639e-05 1.225e-05
-1.721e-05 1.001e-05
-1.146e-05 1.187e-05
-1.01e-05 9.782e-06
-9.803e-06 9.376e-06
-1.039e-05 1.034e-05
-9.7e-06 1.086e-05
-1.081e-05 8.888e-06
-9.136e-06 8.797e-06
-1.019e-05 8.208e-06
-8.075e-06 7.111e-06
-9.412e-06 9.272e-06
-8.324e-06 7.373e-06
-7.063e-06 7.789e-06
-9.201e-06 8.98e-06
-9.5e-06 6.782e-06
-8.074e-06 6.676e-06
-8.266e-06 9.014e-06
-8.221e-06 5.54e-06
-7.755e-06 9.995e-06
-1.497e-05 9.224e-06
-6.844e-06 9.125e-06
-8.908e-06 6.526e-06
-5.877e-06 8.151e-06
-7.982e-06 5.98e-06
-7.782e-06 6.988e-06
-6.337e-06 7.147e-06
-5.834e-06 7.654e-06
-9.255e-06 1.037e-05
-7.091e-06 6.828e-06
-5.919e-06 6.989e-06
-7.513e-06 7.739e-06
-7.798e-06 6.375e-06
-5.845e-06 1.048e-05
-6.917e-06 6.575e-06
-7.447e-06 8.381e-06
-6.74e-06 7.411e-06
-7.62e-06 5.616e-06
-6.201e-06 6.531e-06
-5.8e-06 5.032e-06
-5.812e-06 5.694e-06
-5.426e-06 6.971e-06
-4.454e-06 5.456e-06
-5.904e-06 7.505e-06
-4.684e-06 5.182e-06
-5.951e-06 5.038e-06
-6.13e-06 5.561e-06
-5.692e-06 7.182e-06
-5.53e-06 4.952e-06
-6.57e-06 6.329e-06
-5.793e-06 5.597e-06
